              precision    recall  f1-score   support

 8 Ball Pool     0.5115    0.6927    0.5885       192
 AccuWeather     0.4548    0.4254    0.4396       898
      Amazon     0.4800    0.7500    0.5854       272
     Booking     0.4785    0.4906    0.4845       477
      Comics     0.6410    0.7576    0.6944       396
     Diretta     0.6885    0.8231    0.7498       537
     Dropbox     0.9923    0.7088    0.8269       182
    Duolingo     0.6641    0.6491    0.6565       399
    Facebook     0.8302    0.3931    0.5336      1244
   Flipboard     0.2789    0.1585    0.2021       776
  FourSquare     0.6076    0.2775    0.3810       346
Google Drive     0.3647    0.5741    0.4460        54
     Groupon     0.1857    0.2680    0.2194        97
    Hangouts     0.3381    0.4563    0.3884       103
   Instagram     0.4352    0.6912    0.5341       136
    Linkedin     0.2735    0.5254    0.3598       177
   Messenger     0.7640    0.5617    0.6474      1216
  Musixmatch     0.4359    0.4606    0.4479       495
    OneDrive     0.3811    0.8971    0.5349       175
 OneFootball     0.4844    0.4553    0.4694       716
   Pinterest     0.3951    0.1584    0.2261       202
   Playstore     0.7800    0.8129    0.7961       759
      Reddit     0.6301    0.4259    0.5083       216
       Skype     0.3005    0.6556    0.4121       270
  Slither.io     0.3134    0.7895    0.4487       133
  SoundCloud     0.6585    0.4793    0.5548       169
     Spotify     0.7376    0.6015    0.6626       271
      Subito     0.7047    0.4903    0.5782       618
    Telegram     0.4882    0.8557    0.6217        97
      Trello     0.3583    0.7791    0.4908        86
 TripAdvisor     0.3413    0.3257    0.3333       218
      Tumblr     0.4390    0.2143    0.2880       168
     Twitter     0.3827    0.6392    0.4788       194
        Uber     0.2147    0.5738    0.3125        61
       Viber     0.0980    0.2716    0.1440       162
        Waze     0.9564    0.9242    0.9400       712
        Wish     0.5112    0.5628    0.5358       366
     Youtube     0.6355    0.6834    0.6586       199
        eBay     0.5773    0.5968    0.5869       444
     ilMeteo     0.4335    0.3186    0.3673       317

    accuracy                         0.5410     14550
   macro avg     0.5062    0.5544    0.5034     14550
weighted avg     0.5861    0.5410    0.5426     14550
