              precision    recall  f1-score   support

 8 Ball Pool     0.0000    0.0000    0.0000       192
 AccuWeather     0.0000    0.0000    0.0000       815
      Amazon     0.0000    0.0000    0.0000       271
     Booking     0.0000    0.0000    0.0000       475
      Comics     0.0000    0.0000    0.0000       394
     Diretta     0.0000    0.0000    0.0000       454
     Dropbox     0.0000    0.0000    0.0000       182
    Duolingo     0.0000    0.0000    0.0000       394
    Facebook     0.0000    0.0000    0.0000      1203
   Flipboard     0.0000    0.0000    0.0000       750
  FourSquare     0.0000    0.0000    0.0000       341
Google Drive     0.0000    0.0000    0.0000        54
     Groupon     0.0075    0.9062    0.0149        96
    Hangouts     0.0000    0.0000    0.0000        94
   Instagram     0.0000    0.0000    0.0000       133
    Linkedin     0.0000    0.0000    0.0000       175
   Messenger     0.2141    0.3207    0.2568      1082
  Musixmatch     0.0000    0.0000    0.0000       493
    OneDrive     0.0000    0.0000    0.0000       174
 OneFootball     0.0000    0.0000    0.0000       713
   Pinterest     0.0000    0.0000    0.0000       198
   Playstore     0.0000    0.0000    0.0000       738
      Reddit     0.0000    0.0000    0.0000       214
       Skype     0.0000    0.0000    0.0000       258
  Slither.io     0.0000    0.0000    0.0000       128
  SoundCloud     0.0425    0.1975    0.0699       162
     Spotify     0.0000    0.0000    0.0000       259
      Subito     0.0000    0.0000    0.0000       588
    Telegram     0.0000    0.0000    0.0000        92
      Trello     0.0000    0.0000    0.0000        85
 TripAdvisor     0.0000    0.0000    0.0000       216
      Tumblr     0.0000    0.0000    0.0000       168
     Twitter     0.0000    0.0000    0.0000       192
        Uber     0.0000    0.0000    0.0000        60
       Viber     0.0000    0.0000    0.0000       160
        Waze     0.0000    0.0000    0.0000       705
        Wish     0.0000    0.0000    0.0000       359
     Youtube     0.0000    0.0000    0.0000       199
        eBay     0.0000    0.0000    0.0000       441
     ilMeteo     0.0000    0.0000    0.0000       288

    accuracy                         0.0333     13995
   macro avg     0.0066    0.0356    0.0085     13995
weighted avg     0.0171    0.0333    0.0208     13995
