              precision    recall  f1-score   support

 8 Ball Pool     0.0000    0.0000    0.0000       128
 AccuWeather     0.0960    0.7062    0.1691       599
      Amazon     0.0000    0.0000    0.0000       181
     Booking     0.0000    0.0000    0.0000       318
      Comics     0.1000    0.0379    0.0549       264
     Diretta     0.3972    0.3939    0.3955       358
     Dropbox     0.0414    0.1901    0.0680       121
    Duolingo     0.0000    0.0000    0.0000       267
    Facebook     0.3333    0.0024    0.0048       830
   Flipboard     0.0000    0.0000    0.0000       517
  FourSquare     0.0000    0.0000    0.0000       231
Google Drive     0.0393    0.3056    0.0696        36
     Groupon     0.0000    0.0000    0.0000        65
    Hangouts     0.0000    0.0000    0.0000        68
   Instagram     0.0769    0.2088    0.1124        91
    Linkedin     0.0308    0.0169    0.0219       118
   Messenger     0.3659    0.0185    0.0352       811
  Musixmatch     0.0000    0.0000    0.0000       329
    OneDrive     0.1194    0.2735    0.1662       117
 OneFootball     0.5000    0.0105    0.0205       477
   Pinterest     0.0400    0.0074    0.0125       135
   Playstore     0.5055    0.0909    0.1541       506
      Reddit     0.3232    0.2222    0.2634       144
       Skype     0.0000    0.0000    0.0000       180
  Slither.io     0.0204    0.1573    0.0361        89
  SoundCloud     0.0000    0.0000    0.0000       112
     Spotify     0.1133    0.1271    0.1198       181
      Subito     0.0000    0.0000    0.0000       412
    Telegram     0.3521    0.3846    0.3676        65
      Trello     0.0310    0.4561    0.0580        57
 TripAdvisor     0.0000    0.0000    0.0000       146
      Tumblr     0.0000    0.0000    0.0000       112
     Twitter     0.0000    0.0000    0.0000       129
        Uber     0.1034    0.0732    0.0857        41
       Viber     0.0000    0.0000    0.0000       108
        Waze     0.0000    0.0000    0.0000       475
        Wish     0.0969    0.4321    0.1583       243
     Youtube     0.0421    0.0301    0.0351       133
        eBay     0.0000    0.0000    0.0000       295
     ilMeteo     0.0000    0.0000    0.0000       211

    accuracy                         0.0992      9700
   macro avg     0.0932    0.1036    0.0602      9700
weighted avg     0.1502    0.0992    0.0576      9700
