              precision    recall  f1-score   support

 8 Ball Pool     0.8125    0.8387    0.8254        62
 AccuWeather     0.6289    0.6985    0.6618       262
      Amazon     0.5870    0.6207    0.6034        87
     Booking     0.4313    0.7386    0.5446       153
      Comics     0.8359    0.8425    0.8392       127
     Diretta     0.8722    0.7945    0.8315       146
     Dropbox     0.9412    0.8276    0.8807        58
    Duolingo     0.8269    0.6772    0.7446       127
    Facebook     0.7161    0.7106    0.7134       387
   Flipboard     0.4094    0.2531    0.3128       241
  FourSquare     0.5338    0.6514    0.5868       109
Google Drive     0.7059    0.7059    0.7059        17
     Groupon     0.4035    0.7419    0.5227        31
    Hangouts     0.6053    0.7667    0.6765        30
   Instagram     0.5625    0.8372    0.6729        43
    Linkedin     0.5102    0.4464    0.4762        56
   Messenger     0.8755    0.6868    0.7697       348
  Musixmatch     0.8250    0.6226    0.7097       159
    OneDrive     0.7846    0.9107    0.8430        56
 OneFootball     0.7605    0.5546    0.6414       229
   Pinterest     0.5370    0.4531    0.4915        64
   Playstore     0.7601    0.8692    0.8110       237
      Reddit     0.6571    0.6667    0.6619        69
       Skype     0.6629    0.7108    0.6860        83
  Slither.io     0.7209    0.7561    0.7381        41
  SoundCloud     0.6923    0.6923    0.6923        52
     Spotify     0.7639    0.6627    0.7097        83
      Subito     0.7229    0.6349    0.6761       189
    Telegram     0.6500    0.8966    0.7536        29
      Trello     0.4255    0.7407    0.5405        27
 TripAdvisor     0.3608    0.5072    0.4217        69
      Tumblr     0.4444    0.7407    0.5556        54
     Twitter     0.7101    0.7903    0.7481        62
        Uber     0.5000    0.3158    0.3871        19
       Viber     0.4524    0.3654    0.4043        52
        Waze     0.9911    0.9824    0.9867       227
        Wish     0.8136    0.8276    0.8205       116
     Youtube     0.8113    0.6719    0.7350        64
        eBay     0.7230    0.7535    0.7379       142
     ilMeteo     0.4851    0.5269    0.5052        93

    accuracy                         0.6880      4500
   macro avg     0.6628    0.6873    0.6656      4500
weighted avg     0.7032    0.6880    0.6880      4500
