              precision    recall  f1-score   support

 8 Ball Pool     0.1223    0.2188    0.1569       128
 AccuWeather     0.4000    0.0037    0.0073       544
      Amazon     0.0000    0.0000    0.0000       181
     Booking     0.0000    0.0000    0.0000       317
      Comics     0.2857    0.0305    0.0552       262
     Diretta     1.0000    0.0924    0.1692       303
     Dropbox     0.1723    0.7190    0.2780       121
    Duolingo     0.9444    0.0646    0.1210       263
    Facebook     0.5000    0.0985    0.1646       802
   Flipboard     0.2000    0.0200    0.0364       500
  FourSquare     0.0000    0.0000    0.0000       227
Google Drive     0.0374    0.3056    0.0667        36
     Groupon     0.0000    0.0000    0.0000        64
    Hangouts     0.1099    0.3333    0.1654        63
   Instagram     0.1837    0.3068    0.2298        88
    Linkedin     0.1974    0.1282    0.1554       117
   Messenger     0.1855    0.5160    0.2729       721
  Musixmatch     0.0000    0.0000    0.0000       329
    OneDrive     0.1145    0.5517    0.1896       116
 OneFootball     0.6111    0.0462    0.0859       476
   Pinterest     0.4000    0.0303    0.0563       132
   Playstore     0.6591    0.1179    0.2000       492
      Reddit     0.5327    0.4014    0.4578       142
       Skype     0.0000    0.0000    0.0000       172
  Slither.io     0.3503    0.7209    0.4715        86
  SoundCloud     0.4000    0.1852    0.2532       108
     Spotify     0.4167    0.5814    0.4854       172
      Subito     1.0000    0.0051    0.0102       392
    Telegram     0.5306    0.4262    0.4727        61
      Trello     0.5714    0.3509    0.4348        57
 TripAdvisor     0.3750    0.0417    0.0750       144
      Tumblr     0.2157    0.0982    0.1350       112
     Twitter     0.1053    0.3465    0.1615       127
        Uber     0.0000    0.0000    0.0000        40
       Viber     0.0000    0.0000    0.0000       107
        Waze     0.1550    0.9340    0.2658       470
        Wish     0.1788    0.5208    0.2662       240
     Youtube     0.4417    0.5455    0.4881       132
        eBay     0.4000    0.0068    0.0134       294
     ilMeteo     0.5385    0.1094    0.1818       192

    accuracy                         0.1994      9330
   macro avg     0.3084    0.2214    0.1646      9330
weighted avg     0.3653    0.1994    0.1431      9330
