              precision    recall  f1-score   support

 8 Ball Pool     0.7571    0.8548    0.8030        62
 AccuWeather     0.6920    0.5916    0.6379       262
      Amazon     0.8235    0.6437    0.7226        87
     Booking     0.5965    0.6667    0.6296       153
      Comics     0.8594    0.8661    0.8627       127
     Diretta     0.8357    0.8014    0.8182       146
     Dropbox     0.9123    0.8966    0.9043        58
    Duolingo     0.5899    0.8268    0.6885       127
    Facebook     0.8968    0.6512    0.7545       387
   Flipboard     0.3897    0.3154    0.3486       241
  FourSquare     0.6311    0.5963    0.6132       109
Google Drive     0.7059    0.7059    0.7059        17
     Groupon     0.4151    0.7097    0.5238        31
    Hangouts     0.5577    0.9667    0.7073        30
   Instagram     0.7547    0.9302    0.8333        43
    Linkedin     0.2444    0.5893    0.3455        56
   Messenger     0.8314    0.8075    0.8192       348
  Musixmatch     0.8981    0.6101    0.7266       159
    OneDrive     0.8000    0.9286    0.8595        56
 OneFootball     0.7735    0.6114    0.6829       229
   Pinterest     0.3279    0.6250    0.4301        64
   Playstore     0.7435    0.8439    0.7905       237
      Reddit     0.6528    0.6812    0.6667        69
       Skype     0.9111    0.4940    0.6406        83
  Slither.io     0.6400    0.7805    0.7033        41
  SoundCloud     0.6129    0.7308    0.6667        52
     Spotify     0.7791    0.8072    0.7929        83
      Subito     0.7532    0.6296    0.6859       189
    Telegram     0.7143    0.8621    0.7812        29
      Trello     0.5625    0.6667    0.6102        27
 TripAdvisor     0.5224    0.5072    0.5147        69
      Tumblr     0.7551    0.6852    0.7184        54
     Twitter     0.5556    0.8065    0.6579        62
        Uber     0.6429    0.4737    0.5455        19
       Viber     0.5909    0.5000    0.5417        52
        Waze     0.9781    0.9824    0.9802       227
        Wish     0.8496    0.8276    0.8384       116
     Youtube     0.5795    0.7969    0.6711        64
        eBay     0.6429    0.7606    0.6968       142
     ilMeteo     0.5055    0.4946    0.5000        93

    accuracy                         0.7016      4500
   macro avg     0.6821    0.7131    0.6855      4500
weighted avg     0.7268    0.7016    0.7048      4500
